IRNSS-1A
1 39199U 13034A   26191.72043649  .00000047  00000+0  00000+0 0  9995
2 39199  35.7704  63.5328 0017567 183.4462 356.2994  1.00281941 47601
IRNSS-1B
1 39635U 14017A   26191.72026316  .00000149  00000+0  00000+0 0  9997
2 39635  28.8825 239.9967 0022327 191.5584 171.4704  1.00274378 45033
IRNSS-1C
1 40269U 14061A   26192.89061407 -.00000165  00000+0  00000+0 0  9999
2 40269   6.5787  88.4618 0022134   5.0900 239.8922  1.00272869 42935
IRNSS-1E
1 41241U 16003A   26191.58253116 -.00000316  00000+0  00000+0 0  9991
2 41241  33.2836  59.4106 0019285 178.7449  11.7354  1.00267797 38314
IRNSS-1F
1 41384U 16015A   26192.92781858  .00000155  00000+0  00000+0 0  9990
2 41384   5.4093  96.2089 0017645 180.2609  19.9462  1.00264621 37919
IRNSS-1G
1 41469U 16027A   26193.51735610 -.00000339  00000+0  00000+0 0  9993
2 41469   5.2563  96.8886 0005967   9.9583 139.4871  1.00272473 37439
IRNSS-1I
1 43286U 18035A   26187.83739038  .00000079  00000+0  00000+0 0  9999
2 43286  28.7973  73.8917 0018087 180.4002  27.0525  1.00279237 30279
NVS-01-(IRNSS-1J)
1 56759U 23076A   26193.51735610 -.00000334  00000+0  00000+0 0  9998
2 56759   2.1083 243.2094 0003543   7.3704 355.5557  1.00265872 11376
