QZS-2-(MICHIBIKI-2)
1 42738U 17028A   26193.46322432 -.00000098  00000+0  00000+0 0  9995
2 42738  39.3903 242.7811 0757741 269.5677  87.1524  1.00277448  7884
QZS-3-(MICHIBIKI-3)
1 42917U 17048A   26193.51683610 -.00000347  00000+0  00000+0 0  9997
2 42917   0.0698 216.8908 0002489 268.9767 117.6273  1.00273393 32516
QZS-4-(MICHIBIKI-4)
1 42965U 17062A   26192.89013762 -.00000326  00000+0  00000+0 0  9998
2 42965  40.0939 343.1714 0747476 268.4974 137.4815  1.00290892 32051
QZS-1R-(MICHIBIKI-1R)
1 49336U 21096A   26191.59113988 -.00000288  00000+0  00000+0 0  9993
2 49336  37.5070  79.2376 0754836 272.1562 282.0570  1.00246773 17249
QZS-6-(MICHIBIKI-6)
1 62876U 25023A   26193.51685700 -.00000231  00000+0  00000+0 0  9999
2 62876   0.0155 335.7722 0001782 156.3397  74.8283  1.00267666  5206
