INMARSAT-4-F2-(SOUTHPA*)
1 28899U 05044A   26193.52003396 -.00000264  00000+0  00000+0 0  9999
2 28899   5.1272  43.6553 0002787  59.8385 157.6233  1.00270891 75774
GSAT-8-(GAGAN/PRN-127)
1 37605U 11022A   26193.50261346  .00000083  00000+0  00000+0 0  9994
2 37605   2.1939  81.5149 0002730 165.5288 279.3685  1.00272230 53478
LUCH-5A-(SDCM/PRN-140)
1 37951U 11074B   26193.47162897 -.00000057  00000+0  00000+0 0  9994
2 37951   8.8154  73.4350 0002566  59.7229 133.9650  1.00272699 53302
SES-5-(EGNOS/PRN-136)
1 38652U 12036A   26193.38239361  .00000035  00000+0  00000+0 0  9998
2 38652   0.0464 319.3864 0001881 153.8533 319.6709  1.00270430 44718
GSAT-10-(GAGAN/PRN-128)
1 38779U 12051B   26193.43685756 -.00000163  00000+0  00000+0 0  9997
2 38779   0.0995 265.3816 0007390 187.6646  77.5246  1.00271483 50357
LUCH-5B-(SDCM/PRN-125)
1 38977U 12061A   26193.41709747 -.00000144  00000+0  00000+0 0  9992
2 38977  10.5347  49.6244 0003835 145.5036 229.0762  1.00270705 49865
ASTRA-5B-(EGNOS/PRN-123)
1 39617U 14011B   26193.49620012  .00000138  00000+0  00000+0 0  9998
2 39617   0.0830 298.9991 0001980 190.4518   3.0735  1.00272831 44923
LUCH-5V-(SDCM/PRN-141)
1 39727U 14023A   26193.52699037 -.00000273  00000+0  00000+0 0  9991
2 39727   5.1916  69.4753 0002039  79.4603  65.8936  1.00274733 44618
GSAT-15-(GAGAN/PRN-139)
1 41028U 15065A   26193.50466662  .00000000  00000+0  00000+0 0  9996
2 41028   0.0244  49.3532 0003549  43.5169 112.7195  1.00268956 39052
EUTELSAT-117-WEST-B-(W*)
1 41589U 16038B   26193.39142008 -.00000010  00000+0  00000+0 0  9993
2 41589   0.0123 120.2937 0000260 354.1008 199.8112  1.00270256 36911
SES-15-(WAAS/PRN-133)
1 42709U 17026A   26193.44350079  .00000062  00000+0  00000+0 0  9997
2 42709   0.0265 328.0425 0000233 135.1662 217.6190  1.00267437  7680
EUTELSAT-5-WEST-B-(EGN*)
1 44624U 19067A   26193.37128147 -.00000041  00000+0  00000+0 0  9991
2 44624   0.0624 352.5430 0002972 120.5076 305.8694  1.00271425 24684
GALAXY-30-(WAAS/PRN-135)
1 46114U 20056C   26193.44350079  .00000038  00000+0  00000+0 0  9991
2 46114   0.0038  98.3783 0001947  16.1890 210.4202  1.00270957 21547
