IRNSS-1A----------------
1 39199U 13034A   26186.73027412  .00000068  00000+0  00000+0 0  9993
2 39199  35.7606  63.6043 0017858 181.6646 356.4955  1.00280420 47558
IRNSS-1B----------------
1 39635U 14017A   26186.73010079  .00000137  00000+0  00000+0 0  9998
2 39635  28.8929 240.0829 0022969 195.5386 165.9835  1.00272765 44988
IRNSS-1C----------------
1 40269U 14061A   26186.81786662 -.00000151  00000+0  00000+0 0  9996
2 40269   6.5640  88.5760 0022122   4.4783 208.1781  1.00273822 42876
IRNSS-1E----------------
1 41241U 16003A   26186.56850072 -.00000299  00000+0  00000+0 0  9997
2 41241  33.2728  59.4834 0019163 178.9195   1.5806  1.00270145 38261
IRNSS-1F----------------
1 41384U 16015A   26186.93958420  .00000170  00000+0  00000+0 0  9992
2 41384   5.3947  96.3563 0017399 183.7967  14.5208  1.00276801 37850
IRNSS-1G----------------
1 41469U 16027A   26186.91676595 -.00000321  00000+0  00000+0 0  9996
2 41469   5.2407  97.0429 0005820   7.6923 278.8170  1.00277901 37366
IRNSS-1I----------------
1 43286U 18035A   26185.98696016  .00000082  00000+0  00000+0 0  9995
2 43286  28.7931  73.9207 0017781 182.3699  77.0399  1.00278933 30253
NVS-01-(IRNSS-1J)-------
1 56759U 23076A   26187.03013171 -.00000321  00000+0  00000+0 0  9995
2 56759   2.1243 243.5096 0003155   7.6434 173.2786  1.00269803 11301
